47,35
27,5
28,3
27,1
27,3
25,4
25,1
25,3
24,4
24,1
24,3
14,5
33,4
33,110
33,10
33,9
33,5
33,3
3,2
3,1
3,3
10,228
10,26
10,104
10,186
10,188
10,78
10,224
10,146
10,2
10,3
11,20
11,16
11,17
11,23
11,14
11,10
8,11
8,9
8,6
8,4
8,17
46,3
46,2
46,1
46,0
45,3
45,2
45,1
45,0
44,3
44,2
44,1
44,0
43,3
43,2
43,1
43,0
42,3
42,2
42,1
42,0
36,4
36,3
36,2
36,1
36,0
35,7
35,6
35,5
35,4
35,3
35,2
35,1
34,5
34,4
34,3
34,2
34,1
33,222
33,221
33,220
33,219
33,218
33,217
33,216
33,215
33,214
33,213
33,212
33,211
33,210
33,209
33,208
33,207
33,206
33,205
33,204
33,203
33,202
33,201
33,200
33,199
33,198
33,197
33,196
33,195
33,194
33,193
33,1
33,192
33,180
33,179
33,178
33,177
33,176
33,175
33,174
33,173
33,172
33,171
33,170
33,169
33,168
33,167
31,5
31,4
31,3
31,1
29,3
29,1
